137.6291
87.3976
104.9607
33.0089
41.3459
22.771399
23.0955
56.9842
18.501499
28.5951
14.8535
38.468899
14.5431
50.3006
36.4113
148.9732
44.8026
65.6409
25.8603
65.8312
14.090999
46.4181
15.834799
66.3692
89.617501
16.1504
24.977401
12.636
31.119501
27.831201
18.736
14.679701
20.082201
26.497
32.5353
13.6227
52.363001
20.1784
49.7995
10.938099
13.906301
14.6174
22.780699
21.2647
31.3176
24.401901
70.6013
35.584799
17.3797
19.2876
3.8396
0.5356
1.256901
0.484699
2.765
0.416201
0.4876
0.6209
1.0909
0.5672
0.5981
1.2818
1.012699
2.5322
0.3018
0.5335
0.3589
0.6905
0.287101
0.3845
0.2795
0.369399
0.4779
0.3478
0.314499
0.4351
0.2715
0.292201
0.2629
0.399099
0.302399
0.291201
0.26
0.3233
0.4577
0.3888
0.310399
0.2982
0.415099
0.3571
0.3592
0.4003
0.238299
0.4959
0.3518
0.2594
0.4216
0.4071
0.2512
0.3343
3.249199
3.647399
0.469001
3.290399
2.638
0.6028
0.616
1.980701
2.863901
0.541
0.365399
1.2879
0.975999
0.484901
3.7707
7.685201
7.213801
0.4485
0.325
0.697301
0.413199
0.485899
0.478099
0.462
0.3107
3.6387
1.177
0.3854
0.260299
0.277499
0.430701
0.2617
0.3572
0.3653
0.3597
1.6077
0.245999
0.4275
0.3609
0.2663
0.4109
0.3248
0.2673
1.9556
0.2656
6.460501
0.379901
0.2674
0.3061
0.364299
